0 0
1 1
2 32
3 243
4 20
5 113
6 246
7 241
8 138
9 64
10 102
11 160
12 91
13 64
14 182
15 100
16 149
17 201
18 40
19 235
20 1
21 80
22 100
23 201
24 151
25 219
26 40
27 241
28 51
29 182
30 188
31 91
32 250
33 226
34 157
35 125
36 25
37 187
38 241
39 241
40 32
41 123
42 50
43 2
44 188
45 204
46 157
47 32
48 63
49 100
50 231
51 149
52 25
53 126
54 182
55 8
56 126
57 128
58 51
59 246
60 243
61 126
62 151
63 113
64 219
65 204
66 204
67 123
68 4
69 149
70 235
71 187
72 47
73 94
74 211
75 5
76 182
77 157
78 182
79 211
80 20
81 80
82 171
83 4
84 94
85 123
86 64
87 50
88 243
89 201
90 2
91 113
92 4
93 25
94 20
95 200
96 8
97 247
98 188
99 200
100 113
101 91
102 250
103 25
104 47
105 4
106 16
107 2
108 51
109 40
110 5
111 10
112 16
113 1
114 80
115 123
116 126
117 80
118 91
119 249
120 246
121 249
122 16
123 20
124 63
125 149
126 102
127 188
128 231
129 235
130 2
131 5
132 2
133 160
134 171
135 125
136 128
137 171
138 250
139 235
140 241
141 246
142 211
143 200
144 249
145 235
146 247
147 204
148 226
149 1
150 160
151 138
152 51
153 63
154 4
155 243
156 51
157 231
158 226
159 247
160 138
161 249
162 50
163 8
164 201
165 187
166 128
167 157
168 247
169 80
170 171
171 231
172 40
173 69
174 94
175 69
176 246
177 40
178 157
179 204
180 64
181 16
182 102
183 247
184 128
185 47
186 47
187 32
188 138
189 100
190 125
191 8
192 5
193 200
194 123
195 125
196 243
197 69
198 125
199 226
200 102
201 20
202 151
203 188
204 219
205 94
206 47
207 63
208 249
209 201
210 128
211 219
212 10
213 10
214 64
215 226
216 126
217 94
218 25
219 1
220 160
221 63
222 69
223 200
224 10
225 211
226 32
227 100
228 50
229 151
230 171
231 250
232 16
233 211
234 50
235 102
236 151
237 69
238 187
239 160
240 91
241 149
242 187
243 113
244 10
245 5
246 138
247 231
248 8
249 219
250 250
251 0
252 1
253 32
254 243
255 20
256 113
